13 13 13 13 13 13 13 13 13 13 13 13 13 13 13 13 13 13 13 13 13 13 13 13 13 13 13 13 13 13 13 13 13 13 13 13 13 13 13 13 13 13 13 13 13 13 13 13 13 13 
13 12 12 12 12 12 12 12 12 12 12 12 12 12 12 12 12 12 12 12 12 12 12 12 12 12 12 12 12 12 12 12 12 12 12 12 12 12 12 12 12 12 12 12 12 12 12 12 12 13 
13 12 12 12 12 12 12 12 12 12 12 12 12 12 12 12 12 12 12 12 12 12 12 12 12 12 12 12 12 12 12 12 12 12 12 12 12 12 12 12 12 12 12 12 12 12 12 12 12 13 
13 12 12 12 12 12 12 12 12 12 12 12 12 12 12 12 12 12 12 12 12 12 12 12 12 12 12 12 12 12 12 12 12 12 12 12 12 12 12 12 12 12 12 12 12 12 12 12 12 13 
13 12 12 12 12 12 12 12 12 12 12 12 12 12 12 12 12 12 12 12 12 12 12 12 12 12 12 12 12 12 12 12 12 12 12 12 12 12 12 12 12 12 12 12 12 12 12 12 12 13 
13 12 12 12 12 12 12 12 12 12 12 12 12 12 12 12 12 12 12 12 12 12 12 12 12 12 12 12 12 12 12 12 12 12 12 12 12 12 12 12 12 12 12 12 12 12 12 12 12 13 
13 12 12 12 12 12 12 12 12 12 12 12 12 12 12 12 12 12 12 12 12 12 12 12 12 12 12 12 12 12 12 12 12 12 12 12 12 12 12 12 12 12 12 12 12 12 12 12 12 13 
13 12 12 12 12 12 12 41 41 41 41 41 41 41 41 41 41 41 41 41 41 41 41 41 41 41 41 41 41 41 41 41 41 41 41 41 41 41 41 41 41 41 41 12 12 12 12 12 12 13 
13 12 12 12 12 12 12 41 41 41 41 41 41 41 41 41 41 41 41 41 41 41 41 41 41 41 41 41 41 41 41 41 41 41 41 41 41 41 41 41 41 41 41 12 12 12 12 12 12 13 
13 12 12 12 12 12 12 41 41 41 41 41 41 41 41 41 41 41 41 41 41 41 41 41 41 41 41 41 41 41 41 41 41 41 41 41 41 41 41 41 41 41 41 12 12 12 12 12 12 13 
13 12 12 12 12 12 12 41 41 41 41 41 41 41 41 41 41 41 41 41 41 41 41 41 41 41 41 41 41 41 41 41 41 41 41 41 41 41 41 41 41 41 41 12 12 12 12 12 12 13 
13 12 12 12 12 12 12 41 41 41 41 10 10 10 10 10 10 10 10 10 10 10 10 10 10 10 10 10 10 10 10 10 10 10 10 10 10 10 10 41 41 41 41 12 12 12 12 12 12 13 
13 12 12 12 12 12 12 41 41 41 41 10 10 10 10 10 10 10 10 10 10 10 10 10 10 10 10 10 10 10 10 10 10 10 10 10 10 10 10 41 41 41 41 12 12 12 12 12 12 13 
13 12 12 12 12 12 12 41 41 41 41 10 10 37 28 28 28 28 28 28 28 28 28 28 28 28 28 28 28 28 28 28 28 28 28 28 38 10 10 41 41 41 41 12 12 12 12 12 12 13 
13 12 12 12 12 12 12 41 41 41 41 10 10 26 10 10 10 10 10 10 10 10 10 10 10 10 10 10 10 10 10 10 10 10 10 10 26 10 10 41 41 41 41 12 12 12 12 12 12 13 
13 12 12 12 12 12 12 41 41 41 41 10 10 26 10 10 10 10 10 10 10 10 10 10 10 10 10 10 10 10 10 10 10 10 10 10 26 10 10 41 41 41 41 12 12 12 12 12 12 13 
13 12 12 12 12 12 12 41 41 41 41 10 10 26 10 10 10 10 10 10 10 10 10 10 10 10 10 10 10 10 10 10 10 10 10 10 26 10 10 41 41 41 41 12 12 12 12 12 12 13 
13 12 12 12 12 12 12 41 41 41 41 10 10 26 10 10 10 10 10 10 10 10 10 10 10 10 10 10 10 10 10 10 10 10 10 10 26 10 10 41 41 41 41 12 12 12 12 12 12 13 
13 12 12 12 12 12 12 41 41 41 41 10 10 26 10 10 10 10 10 10 10 10 10 10 10 10 10 10 10 10 10 10 10 10 10 10 26 10 10 41 41 41 41 12 12 12 12 12 12 13 
13 12 12 12 12 12 12 41 41 41 41 10 10 26 10 10 10 10 10 10 10 10 10 10 10 10 10 10 10 10 10 10 10 10 10 10 26 10 10 41 41 41 41 12 12 12 12 12 12 13 
13 12 12 12 12 12 12 41 41 41 41 10 10 26 10 10 10 10 10 10 10 10 10 10 10 10 10 10 10 10 10 10 10 10 10 10 26 10 10 41 41 41 41 12 12 12 12 12 12 13 
13 12 12 12 12 12 12 41 41 41 41 10 10 26 10 10 10 10 10 10 10 10 10 10 10 10 10 10 10 10 10 10 10 10 10 10 26 10 10 41 41 41 41 12 12 12 12 12 12 13 
13 12 12 12 12 12 12 41 41 41 41 10 10 26 10 10 10 10 10 10 10 10 39 39 39 39 39 10 10 10 10 10 10 10 10 10 26 10 10 41 41 41 41 12 12 12 12 12 12 13 
13 12 12 12 12 12 12 41 41 41 41 10 10 26 10 10 10 10 10 10 10 10 39 39 39 39 39 10 10 10 10 10 10 10 10 10 26 10 10 41 41 41 41 12 12 12 12 12 12 13 
13 12 12 12 12 12 12 41 41 41 41 10 10 26 10 10 10 10 10 10 10 10 39 39 11 39 39 10 10 10 10 10 10 10 10 10 26 10 10 41 41 41 41 12 12 12 12 12 12 13 
13 12 12 12 12 12 12 41 41 41 41 10 10 26 10 10 10 10 10 10 10 10 39 39 39 39 39 10 10 10 10 10 10 10 10 10 26 10 10 41 41 41 41 12 12 12 12 12 12 13 
13 12 12 12 12 12 12 41 41 41 41 10 10 26 10 10 10 10 10 10 10 10 39 39 39 39 39 10 10 10 10 10 10 10 10 10 26 10 10 41 41 41 41 12 12 12 12 12 12 13 
13 12 12 12 12 12 12 41 41 41 41 10 10 26 10 10 10 10 10 10 10 10 10 10 10 10 10 10 10 10 10 10 10 10 10 10 26 10 10 41 41 41 41 12 12 12 12 12 12 13 
13 12 12 12 12 12 12 41 41 41 41 10 10 26 10 10 10 10 10 10 10 10 10 10 10 10 10 10 10 10 10 10 10 10 10 10 26 10 10 41 41 41 41 12 12 12 12 12 12 13 
13 12 12 12 12 12 12 41 41 41 41 10 10 26 10 10 10 10 10 10 10 10 10 10 10 10 10 10 10 10 10 10 10 10 10 10 26 10 10 41 41 41 41 12 12 12 12 12 12 13 
13 12 12 12 12 12 12 41 41 41 41 10 10 26 10 10 10 10 10 10 10 10 10 10 10 10 10 10 10 10 10 10 10 10 10 10 26 10 10 41 41 41 41 12 12 12 12 12 12 13 
13 12 12 12 12 12 12 41 41 41 41 10 10 26 10 10 10 10 10 10 10 10 10 10 10 10 10 10 10 10 10 10 10 10 10 10 26 10 10 41 41 41 41 12 12 12 12 12 12 13 
13 12 12 12 12 12 12 41 41 41 41 10 10 26 10 10 10 10 10 10 10 10 10 10 10 10 10 10 10 10 10 10 10 10 10 10 26 10 10 41 41 41 41 12 12 12 12 12 12 13 
13 12 12 12 12 12 12 41 41 41 41 10 10 26 10 10 10 10 10 10 10 10 10 10 10 10 10 10 10 10 10 10 10 10 10 10 26 10 10 41 41 41 41 12 12 12 12 12 12 13 
13 12 12 12 12 12 12 41 41 41 41 10 10 26 10 10 10 10 10 10 10 10 10 10 10 10 10 10 10 10 10 10 10 10 10 10 26 10 10 41 41 41 41 12 12 12 12 12 12 13 
13 12 12 12 12 12 12 41 41 41 41 10 10 26 10 10 10 10 10 10 10 10 10 10 10 10 10 10 10 10 10 10 10 10 10 10 26 10 10 41 41 41 41 12 12 12 12 12 12 13 
13 12 12 12 12 12 12 41 41 41 41 10 10 37 28 28 28 28 28 28 28 28 28 28 28 28 28 28 28 28 28 28 28 28 28 28 38 10 10 41 41 41 41 12 12 12 12 12 12 13 
13 12 12 12 12 12 12 41 41 41 41 10 10 10 10 10 10 10 10 10 10 10 10 10 10 10 10 10 10 10 10 10 10 10 10 10 10 10 10 41 41 41 41 12 12 12 12 12 12 13 
13 12 12 12 12 12 12 41 41 41 41 10 10 10 10 10 10 10 10 10 10 10 10 10 10 10 10 10 10 10 10 10 10 10 10 10 10 10 10 41 41 41 41 12 12 12 12 12 12 13 
13 12 12 12 12 12 12 41 41 41 41 41 41 41 41 41 41 41 41 41 41 41 41 41 41 41 41 41 41 41 41 41 41 41 41 41 41 41 41 41 41 41 41 12 12 12 12 12 12 13 
13 12 12 12 12 12 12 41 41 41 41 41 41 41 41 41 41 41 41 41 41 41 41 41 41 41 41 41 41 41 41 41 41 41 41 41 41 41 41 41 41 41 41 12 12 12 12 12 12 13 
13 12 12 12 12 12 12 41 41 41 41 41 41 41 41 41 41 41 41 41 41 41 41 41 41 41 41 41 41 41 41 41 41 41 41 41 41 41 41 41 41 41 41 12 12 12 12 12 12 13 
13 12 12 12 12 12 12 41 41 41 41 41 41 41 41 41 41 41 41 41 41 41 41 41 41 41 41 41 41 41 41 41 41 41 41 41 41 41 41 41 41 41 41 12 12 12 12 12 12 13 
13 12 12 12 12 12 12 12 12 12 12 12 12 12 12 12 12 12 12 12 12 12 12 12 12 12 12 12 12 12 12 12 12 12 12 12 12 12 12 12 12 12 12 12 12 12 12 12 12 13 
13 12 12 12 12 12 12 12 12 12 12 12 12 12 12 12 12 12 12 12 12 12 12 12 12 12 12 12 12 12 12 12 12 12 12 12 12 12 12 12 12 12 12 12 12 12 12 12 12 13 
13 12 12 12 12 12 12 12 12 12 12 12 12 12 12 12 12 12 12 12 12 12 12 12 12 12 12 12 12 12 12 12 12 12 12 12 12 12 12 12 12 12 12 12 12 12 12 12 12 13 
13 12 12 12 12 12 12 12 12 12 12 12 12 12 12 12 12 12 12 12 12 12 12 12 12 12 12 12 12 12 12 12 12 12 12 12 12 12 12 12 12 12 12 12 12 12 12 12 12 13 
13 12 12 12 12 12 12 12 12 12 12 12 12 12 12 12 12 12 12 12 12 12 12 12 12 12 12 12 12 12 12 12 12 12 12 12 12 12 12 12 12 12 12 12 12 12 12 12 12 13 
13 12 12 12 12 12 12 12 12 12 12 12 12 12 12 12 12 12 12 12 12 12 12 12 12 12 12 12 12 12 12 12 12 12 12 12 12 12 12 12 12 12 12 12 12 12 12 12 12 13 
13 13 13 13 13 13 13 13 13 13 13 13 13 13 13 13 13 13 13 13 13 13 13 13 13 13 13 13 13 13 13 13 13 13 13 13 13 13 13 13 13 13 13 13 13 13 13 13 13 13 
