13 13 13 13 13 13 13 13 13 13 13 13 13 13 13 13 13 13 13 13 13 13 13 13 13 13 13 13 13 13 13 13 13 13 13 13 13 13 13 13 13 13 13 13 13 13 13 13 13 13 
13 12 12 12 12 12 12 12 12 12 12 12 12 12 12 12 12 12 12 12 12 12 12 12 12 12 12 12 12 12 12 12 12 12 12 12 12 12 12 12 12 12 12 12 12 12 12 12 12 13 
13 12 10 10 10 10 10 10 10 10 10 10 10 10 10 10 10 10 10 10 10 10 10 10 10 10 10 10 10 10 10 10 10 10 10 10 10 10 10 10 10 10 10 10 10 10 10 10 12 13 
13 12 10 10 10 10 10 10 10 10 10 10 10 10 10 10 10 10 10 10 10 10 10 10 26 10 10 10 10 10 10 10 10 10 10 10 10 10 10 10 10 10 10 10 10 10 10 10 12 13 
13 12 10 10 10 10 10 10 10 10 10 10 10 10 10 10 10 10 10 10 10 10 10 10 26 10 10 10 10 10 10 10 10 10 10 10 40 40 40 40 40 40 40 40 40 40 40 10 12 13 
13 12 10 10 10 10 41 10 41 10 41 10 41 10 41 10 41 10 41 10 41 10 41 10 41 10 41 10 41 10 41 10 41 10 41 10 40 39 39 39 39 39 39 39 39 39 40 10 12 13 
13 12 10 10 10 41 10 10 10 10 10 10 10 10 10 10 10 10 10 10 10 10 10 10 26 10 10 10 10 10 10 10 10 10 10 10 40 39 39 39 39 39 39 39 39 39 40 10 12 13 
13 12 10 10 10 10 10 10 10 10 10 10 10 10 10 10 10 10 10 10 10 10 10 10 26 10 10 10 10 10 10 10 10 10 10 10 40 39 39 39 39 39 39 39 39 39 40 10 12 13 
13 12 10 10 10 41 10 10 15 15 15 10 10 10 26 10 10 10 10 10 10 10 10 10 26 10 10 10 10 10 10 10 10 10 26 10 40 39 39 39 39 39 39 39 39 39 40 10 12 13 
13 12 10 10 10 10 10 10 15 15 15 26 26 26 26 26 26 26 26 26 26 26 26 26 26 10 10 10 10 10 10 10 10 10 26 10 40 39 39 39 39 39 39 39 39 39 40 10 12 13 
13 12 10 10 10 41 10 10 15 15 15 39 39 39 39 39 39 39 39 10 10 10 10 10 26 10 10 10 10 10 39 39 39 39 39 39 40 39 39 39 39 39 39 39 39 39 40 10 12 13 
13 12 10 10 10 10 10 10 39 39 39 39 39 39 39 39 39 39 39 10 10 10 10 10 26 10 10 10 10 10 39 39 39 39 39 39 40 39 39 39 39 39 39 39 39 39 40 10 12 13 
13 12 10 10 10 41 10 10 39 39 39 39 39 39 39 39 39 39 39 10 10 10 10 10 26 10 10 10 10 10 39 39 39 39 39 39 40 40 40 40 40 40 40 40 40 40 40 10 12 13 
13 12 10 10 10 10 10 10 39 39 39 39 39 39 39 39 39 39 39 10 10 10 10 10 26 10 10 10 10 10 39 39 39 39 39 39 39 39 39 39 39 10 10 10 10 10 10 10 12 13 
13 12 10 10 10 41 10 10 39 39 39 39 39 39 39 39 39 39 39 26 26 26 26 26 26 26 26 26 26 26 39 39 39 39 39 39 39 39 39 39 39 26 10 10 41 10 10 10 12 13 
13 12 10 10 10 10 10 10 39 39 39 39 39 39 39 39 39 39 39 10 10 10 10 10 26 10 10 10 10 10 39 39 39 39 39 39 39 39 39 39 39 10 10 10 10 10 10 10 12 13 
13 12 10 10 10 41 10 10 39 39 39 39 39 39 39 39 39 39 39 10 10 10 10 10 26 10 10 10 10 10 39 39 39 39 39 39 39 39 39 39 39 10 10 10 41 10 10 10 12 13 
13 12 10 10 10 10 10 10 39 39 39 39 39 39 39 39 39 39 39 10 10 10 10 10 26 10 10 10 10 10 39 39 39 39 39 39 39 39 39 39 39 10 10 10 10 10 10 10 12 13 
13 12 10 10 10 41 10 10 39 39 39 39 39 39 39 39 39 39 39 10 10 10 10 10 10 10 10 10 10 10 39 39 39 39 39 39 39 39 39 39 39 10 10 10 41 10 10 10 12 13 
13 12 10 10 10 10 10 10 10 10 10 10 10 10 26 10 10 10 10 37 10 10 10 10 10 10 10 28 28 38 10 10 10 10 26 10 10 10 10 10 10 10 10 10 10 10 10 10 12 13 
13 12 10 10 10 41 10 10 10 10 10 10 10 10 26 10 10 10 10 26 10 10 10 10 10 10 10 39 39 26 10 10 10 10 26 10 10 10 10 10 10 10 10 10 41 10 10 10 12 13 
13 12 10 10 10 10 10 10 10 10 10 10 10 10 26 10 10 10 10 26 10 10 10 10 10 10 10 39 39 26 10 10 10 10 26 10 10 10 10 10 10 10 10 10 10 10 10 10 12 13 
13 12 10 10 10 41 10 10 10 10 10 10 10 10 26 10 10 10 10 26 10 10 10 10 10 10 10 39 39 26 10 10 10 10 26 10 10 10 10 10 10 10 10 10 41 10 10 10 12 13 
13 12 10 10 10 10 10 10 10 10 10 10 10 10 26 10 10 10 10 26 10 10 10 10 10 10 10 39 39 26 10 10 10 10 26 10 10 10 10 10 10 10 10 10 10 10 10 10 12 13 
13 12 10 26 26 41 26 26 26 26 26 26 26 26 26 26 26 26 26 26 10 10 10 10 10 10 10 39 39 26 26 26 26 26 26 26 26 26 26 26 26 26 26 26 41 26 26 10 12 13 
13 12 10 10 10 10 10 10 10 10 10 10 10 10 26 10 10 10 10 26 39 39 39 39 39 39 39 39 39 26 10 10 10 10 26 10 10 10 10 10 26 10 10 10 10 10 10 10 12 13 
13 12 10 10 10 41 10 10 10 10 10 10 10 10 26 10 10 10 10 26 39 39 39 39 39 39 39 39 39 26 10 10 10 10 26 10 10 10 10 10 26 10 10 10 41 10 10 10 12 13 
13 12 10 10 10 10 10 10 10 10 10 10 10 10 26 10 10 10 10 26 39 39 39 39 39 39 39 39 39 26 10 10 10 10 26 10 10 10 10 10 26 10 10 10 10 10 10 10 12 13 
13 12 10 10 10 41 10 10 10 10 10 10 10 10 26 10 10 10 10 26 39 39 39 39 39 39 39 39 39 26 10 10 10 10 26 10 10 10 10 10 26 10 10 10 41 10 10 10 12 13 
13 12 10 10 10 10 10 10 10 10 10 10 10 10 26 10 10 10 10 37 28 28 28 28 26 28 28 28 28 38 10 10 10 10 26 10 10 10 10 10 26 10 10 10 10 10 10 10 12 13 
13 12 10 10 10 41 10 10 39 39 39 39 39 39 39 39 39 39 39 10 10 10 10 10 26 10 10 10 10 10 39 39 39 39 39 39 39 39 39 39 26 10 10 10 41 10 10 10 12 13 
13 12 10 10 10 10 10 10 39 39 39 39 39 39 39 39 39 39 39 10 10 10 10 10 26 10 10 10 10 10 39 39 39 39 39 39 39 39 39 39 26 10 10 10 10 10 10 10 12 13 
13 12 10 10 10 41 10 10 39 39 39 39 39 39 39 39 39 39 39 10 10 10 10 10 26 10 10 10 10 10 39 39 39 39 39 39 39 39 39 39 26 10 10 10 41 10 10 10 12 13 
13 12 10 10 10 10 10 10 39 39 39 39 39 39 39 39 39 39 39 10 10 10 10 10 26 10 10 10 10 10 39 39 39 39 39 39 39 39 39 39 26 10 10 10 10 10 10 10 12 13 
13 12 10 10 10 41 10 10 39 39 39 39 39 39 39 39 39 39 39 26 26 26 26 26 26 26 26 26 26 26 39 39 39 39 39 39 39 39 39 39 26 26 10 10 41 10 10 10 12 13 
13 12 10 10 10 10 10 10 39 39 39 39 39 39 39 39 39 39 39 10 10 10 10 10 26 10 10 10 10 10 39 39 39 39 39 39 39 39 39 39 26 10 10 10 10 10 10 10 12 13 
13 12 10 10 10 41 10 10 39 39 39 39 39 39 39 39 39 39 39 10 10 10 10 10 26 10 10 10 10 10 39 39 39 39 39 39 39 39 39 39 26 10 10 10 41 10 10 10 12 13 
13 12 10 10 10 10 10 10 39 39 39 39 39 39 39 39 39 39 39 10 10 10 10 10 26 10 10 10 10 10 39 39 39 39 39 39 39 39 39 39 26 10 10 10 10 10 10 10 12 13 
13 12 10 10 10 41 10 10 39 39 39 39 39 39 39 39 39 39 39 10 10 10 10 10 26 10 10 10 10 10 39 39 39 39 39 39 39 39 39 39 26 10 10 10 41 10 10 10 12 13 
13 12 10 10 10 10 10 10 39 39 39 39 39 39 39 39 39 39 39 10 10 10 10 10 26 10 10 10 10 10 39 39 39 39 39 39 39 39 39 14 26 14 10 10 10 10 10 10 12 13 
13 12 10 10 10 41 10 10 39 39 39 39 39 39 39 39 39 39 39 10 10 10 10 10 26 10 10 10 10 10 39 39 39 39 39 39 39 39 39 14 14 14 10 10 41 10 10 10 12 13 
13 12 10 10 10 10 10 10 10 10 10 10 10 10 26 10 10 10 10 10 10 10 10 10 26 10 10 10 10 10 10 10 10 10 26 10 10 10 10 14 14 14 10 10 10 10 10 10 12 13 
13 12 10 10 10 41 10 10 10 10 10 10 10 10 10 10 10 10 10 10 10 10 10 10 26 10 10 10 10 10 10 10 10 10 10 10 10 10 10 10 10 10 10 10 41 10 10 10 12 13 
13 12 10 10 10 10 10 10 10 10 10 10 10 10 10 10 10 10 10 10 10 10 10 10 26 10 10 10 10 10 10 10 10 10 10 10 10 10 10 10 10 10 10 10 10 10 10 10 12 13 
13 12 10 10 10 41 41 10 41 10 41 10 41 10 41 10 41 10 41 10 41 10 41 10 41 10 41 10 41 10 41 10 41 10 41 10 41 10 41 10 41 10 41 10 41 10 10 10 12 13 
13 12 10 10 10 10 10 10 10 10 10 10 10 10 10 10 10 10 10 10 10 10 10 10 26 10 10 10 10 10 10 10 10 10 10 10 10 10 10 10 10 10 10 10 10 10 10 10 12 13 
13 12 10 10 10 10 10 10 10 10 10 10 10 10 10 10 10 10 10 10 10 10 10 10 26 10 10 10 10 10 10 10 10 10 10 10 10 10 10 10 10 10 10 10 10 10 10 10 12 13 
13 12 10 10 10 10 10 10 10 10 10 10 10 10 10 10 10 10 10 10 10 10 10 10 10 10 10 10 10 10 10 10 10 10 10 10 10 10 10 10 10 10 10 10 10 10 10 10 12 13 
13 12 12 12 12 12 12 12 12 12 12 12 12 12 12 12 12 12 12 12 12 12 12 12 12 12 12 12 12 12 12 12 12 12 12 12 12 12 12 12 12 12 12 12 12 12 12 12 12 13 
13 13 13 13 13 13 13 13 13 13 13 13 13 13 13 13 13 13 13 13 13 13 13 13 13 13 13 13 13 13 13 13 13 13 13 13 13 13 13 13 13 13 13 13 13 13 13 13 13 13 
